2.799999999999999972e-03
2.356729999999999936e-01
2.020560000000000134e-01
2.093089999999999951e-01
2.578400000000000136e-02
2.736399999999999944e-02
1.174800000000000011e-01
1.157350000000000045e-01
2.889820000000000166e-01
8.788999999999999591e-02
1.142370000000000052e-01
1.836029999999999884e-01
1.553219999999999879e-01
4.208640000000000159e-01
4.292980000000000129e-01
4.678510000000000169e-01
2.570209999999999995e-01
3.203860000000000041e-01
4.862569999999999948e-01
3.461299999999999932e-01
4.995749999999999913e-01
4.496209999999999929e-01
5.014159999999999728e-01
4.782549999999999857e-01
5.821420000000000483e-01
5.562679999999999847e-01
8.120509999999999673e-01
6.143199999999999772e-01
8.222779999999999534e-01
9.012620000000000076e-01
7.726570000000000382e-01
7.811639999999999695e-01
7.595830000000000082e-01
7.891759999999999886e-01
8.900139999999999718e-01
8.462020000000000097e-01
8.629539999999999988e-01
8.842910000000000492e-01
1.143183000000000060e+00
1.061355000000000048e+00
9.415240000000000276e-01
1.011687999999999921e+00
1.090068000000000037e+00
9.784129999999999772e-01
1.012470999999999899e+00
1.007301000000000002e+00
1.245004000000000000e+00
1.002048000000000050e+00
1.233832999999999958e+00
1.000391000000000030e+00
9.935589999999999700e-01
9.883239999999999803e-01
1.144006999999999996e+00
1.074475000000000069e+00
9.546850000000000058e-01
1.016879000000000088e+00
1.160118999999999900e+00
1.152803999999999940e+00
1.130476000000000036e+00
8.626880000000000104e-01
8.392140000000000155e-01
8.222399999999999709e-01
8.071139999999999981e-01
7.601419999999999844e-01
7.896619999999999751e-01
7.019600000000000284e-01
6.716499999999999693e-01
7.734999999999999654e-01
6.076960000000000139e-01
7.950260000000000105e-01
5.413820000000000299e-01
5.206110000000000460e-01
4.804550000000000209e-01
5.616370000000000529e-01
4.137279999999999847e-01
5.423510000000000275e-01
3.502020000000000133e-01
4.666899999999999937e-01
5.340120000000000422e-01
3.306919999999999860e-01
4.765050000000000119e-01
4.277549999999999963e-01
3.679020000000000068e-01
1.513790000000000135e-01
1.284839999999999871e-01
2.708889999999999909e-01
2.895110000000000183e-01
2.833579999999999988e-01
5.408999999999999919e-02
4.042099999999999860e-02
1.773019999999999874e-01
1.764100000000000043e-02
1.055999999999999994e-02
1.942149999999999987e-01
1.335000000000000032e-03
1.353350000000000108e-01
